200.00
1,000.00
22,964.00
5.00
600.00
5.00
1,097.00
365.00
900.00
900.00
900.00
900.00
900.00
900.00
5.00
4,234.60
5.00
1,367.50
5.00
4,900.00
10.00
74,000.00
10.00
98,000.00
5.00
2,400.00
5.00
2,265.00
0.00
5.00
3,940.00
5.00
4,500.00
5.00
4,540.00
5,660.00
5.00
3,000.00
10.00
16,255.00
10.00
12,000.00
5.00
8,680.00
5.00
2,400.00
5.00
550.00
900.00
900.00
5.00
1,800.00
5.00
4,500.00
5.00
1,000.00
5.00
4,250.40
5.00
588.09
5.00
713.86
5.00
3,800.00
9,738.42
10,080.00
4,674.12
0.00
5.00
550.00
10.00
59,200.00
5.00
9,280.00
5.00
2,500.00
5.00
2,500.00
0.00
369,324.00
0.00
10.00
36.00
263,232.00
10.00
59,500.00
0.00
60.00
10,232.89
5.00
2,400.00
15.00
120,900.00
5.00
400.00
5.00
3,720.00
5.00
4,240.00
33,504.54
450.00
2,511.00
7,064.00
500.00
5.00
750.00
10.00
59,200.00
10.00
37,015.74
5.00
3,000.00
5.00
2,197.80
5.00
4,750.00
5.00
1,656.20
5.00
750.00
2,397.40
1,500.00
2,146.80
750.00
2,340.00
184,658.00
1,224.00
19,928.12
0.00
184,658.00
1,224.00
0.00
309.95
309.95
604.50
0.00
