37015.74 
3000.00 
3940.00 
4540.00 
1000.00 
4500.00 
1800.00 
2400.00 
3720.00 
4240.00 
713.86 
3800.00 
1656.20 
2197.80 
5000.00 
9280.00 
588.09 
4250.40 
750.00 
750.00 
750.00 
4750.00 
59200.00 
450.00 
2397.40 
2146.80 
2340.00 
7064.00 
1500.00 
2511.00 
500.00 
59200.00 
550.00 
33504.54 
120900.00 
5660.00 
900.00 
900.00 
2400.00 
400.00 
9738.42 
263232.00 
59500.00 
98000.00 
365.00 
200.00 
1000.00 
900.00 
900.00 
900.00 
900.00 
900.00 
900.00 
2265.00 
4234.60 
1367.50 
2400.00 
74000.00 
3000.00 
8680.00 
16255.00 
12000.00 
600.00 
1097.00 
67458.00 
22964.00 
4900.00 
